"RouteID","StationId","EstimateTime","Memo"
"113","4002","17",""
"113","4003","18",""
"113","4004","19",""
"113","4005","19",""
"113","4006","22",""
"113","4007","23",""
"113","4008","24",""
"113","4009","26",""
"113","4010","27",""
"113","4011","28",""
"113","4012","28",""
"113","4013","30",""
"113","4014","31",""
"113","4015","32",""
"113","4016","32",""
"113","4017","33",""
"113","4018","34",""
"113","4019","35",""
"113","4020","35",""
"113","4021","36",""
"113","4022","37",""
"113","4023","39",""
"113","4024","39",""
"113","4025","40",""
"113","4026","41",""
"113","4027","41",""
"113","4028","42",""
"113","4029","43",""
"113","4030","45",""
"113","4031","47",""
"113","38997","49",""
"113","4032","50",""
"113","4033","51",""
"113","4034","52",""
"113","4035","54",""
"113","4036","1",""
"113","4037","3",""
"113","4038","6",""
"113","4039","7",""
"113","4040","8",""
"113","4041","10",""
"113","4042","11",""
"113","4043","12",""
"113","4044","13",""
"113","4045","13",""
"113","4046","16",""
"113","4047","18",""
"113","39650","19",""
"113","4048","20",""
"113","4049","22",""
"113","4050","23",""
"113","4051","25",""
"113","4052","26",""
"113","4053","27",""
"113","4054","2",""
"113","4055","5",""
"113","4082","7",""
"113","4083","9",""
"113","4084","9",""
"113","4085","11",""
"113","4086","12",""
"113","4087","13",""
"113","4088","14",""
"113","4089","16",""
"113","4090","18",""
"113","4091","19",""
"113","4092","21",""
"113","4093","21",""
"113","4094","22",""
"113","4095","23",""
"113","4096","24",""
"113","4097","25",""
"113","4098","26",""
"113","4099","29",""
"113","4100","30",""
"113","4101","31",""
"113","4102","33",""
"113","4103","34",""
"113","4104","34",""
"113","38998","35",""
"113","4106","36",""
"113","4107","38",""
"113","4108","40",""
"113","4109","40",""
"113","4110","3",""
"113","4111","3",""
"113","4112","4",""
"113","4113","4",""
"113","4114","5",""
"113","4115","6",""
"113","4116","7",""
"113","4117","8",""
"113","4118","9",""
"113","4119","10",""
"113","4120","11",""
"113","4121","11",""
"113","4122","12",""
"113","4124","14",""
"113","4125","15",""
"113","4126","16",""
"113","4127","18",""
"113","4128","19",""
"113","4129","21",""
"113","4130","22",""
"113","4131","23",""
"113","4132","24",""
"113","4133","25",""
"113","4134","26",""
"113","4135","28",""
"131","42274","249",""
"131","0372","249",""
"131","0373","249",""
"131","0374","249",""
"131","0375","249",""
"131","0376","249",""
"131","0377","249",""
"131","0378","249",""
"131","0379","249",""
"131","0380","249",""
"131","0381","249",""
"131","0382","249",""
"131","0383","249",""
"131","0384","249",""
"131","0385","249",""
"131","0386","249",""
"131","0387","249",""
"131","0388","249",""
"131","42275","249",""
"131","0389","249",""
"131","0390","249",""
"131","0391","249",""
"131","0392","249",""
"131","0393","249",""
"131","0394","249",""
"131","0395","249",""
"131","41313","249",""
"131","0396","249",""
"131","41314","250",""
"131","0397","250",""
"131","0398","250",""
"131","0399","250",""
"131","0400","250",""
"131","0401","250",""
"131","0402","250",""
"131","0403","250",""
"131","42276","250",""
"131","0404","250",""
"131","0405","250",""
"131","0406","1",""
"131","0407","4",""
"131","0408","7",""
"131","0409","9",""
"131","0410","10",""
"131","0411","11",""
"131","0412","15",""
"131","0413","17",""
"131","0414","18",""
"131","0415","19",""
"131","0416","21",""
"131","0417","22",""
"131","0418","24",""
"131","0419","25",""
"131","0420","26",""
"141","0289","-1","未發車"
"141","6602","-1","未發車"
"141","6603","-1","未發車"
"141","6604","-1","未發車"
"141","6605","-1","未發車"
"141","6606","-1","未發車"
"141","0017","-1","未發車"
"141","6607","-1","未發車"
"141","6608","-1","未發車"
"141","6609","-1","未發車"
"141","6610","-1","未發車"
"141","6611","-1","未發車"
"141","6612","-1","未發車"
"141","6613","-1","未發車"
"141","6614","2",""
"141","6615","5",""
"141","6616","6",""
"141","6617","7",""
"141","6618","9",""
"141","6619","11",""
"141","6620","16",""
"141","6621","17",""
"141","6622","20",""
"141","6626","24",""
"141","6627","24",""
"141","6628","26",""
"141","6629","27",""
"141","6630","28",""
"141","6631","3",""
"141","6632","3",""
"141","6633","4",""
"141","6634","5",""
"141","6635","5",""
"141","6636","6",""
"141","6637","7",""
"141","6639","8",""
"141","0018","11",""
"141","6640","12",""
"141","6641","13",""
"141","6642","14",""
"141","6643","14",""
"141","6644","15",""
"141","6645","18",""
"141","6646","19",""
"141","6647","20",""
"141","6648","23",""
"141","6649","24",""
"141","6650","25",""
"141","6651","25",""
"141","6652","26",""
"1112","10226","38",""
"1112","10225","39",""
"1112","10227","40",""
"1112","10228","41",""
"1112","10229","42",""
"1112","10230","43",""
"1112","10231","45",""
"1112","10232","47",""
"1112","10233","49",""
"1112","10234","51",""
"1112","10235","51",""
"1112","10236","52",""
"1112","10237","52",""
"1112","10238","55",""
"1112","10239","55",""
"1112","10240","57",""
"1112","10241","60",""
"1112","10242","61",""
"1112","10243","61",""
"1112","10244","62",""
"1112","10245","62",""
"1112","40122","63",""
"1112","10247","64",""
"1112","10248","65",""
"1112","10201","16",""
"1112","10202","18",""
"1112","10203","19",""
"1112","10204","19",""
"1112","10205","20",""
"1112","10206","20",""
"1112","10207","21",""
"1112","10208","21",""
"1112","10209","21",""
"1112","10210","22",""
"1112","10211","22",""
"1112","10212","22",""
"1112","10213","23",""
"1112","10214","23",""
"1112","10215","26",""
"1112","10216","27",""
"1112","10217","27",""
"1112","10218","29",""
"1112","10219","30",""
"1112","10220","31",""
"1112","10221","32",""
"1112","10222","34",""
"1112","10223","35",""
"1112","10224","37",""
"211","1422","-1","未發車"
"211","1423","-1","未發車"
"211","1424","-1","未發車"
"211","1425","-1","未發車"
"211","1426","-1","未發車"
"211","1427","-1","未發車"
"211","1428","1",""
"211","1429","2",""
"211","1430","3",""
"211","1431","4",""
"211","1432","6",""
"211","1433","9",""
"211","1434","10",""
"211","1435","11",""
"211","1436","12",""
"211","1437","14",""
"211","1438","15",""
"211","1439","18",""
"211","1440","19",""
"211","1442","21",""
"211","1443","1",""
"211","1444","2",""
"211","1445","4",""
"211","1446","6",""
"211","1447","6",""
"211","1448","7",""
"211","1449","8",""
"211","1450","2",""
"211","1451","3",""
"211","1452","4",""
"211","1453","6",""
"211","1454","6",""
"211","1455","7",""
"211","1456","10",""
"211","1457","11",""
"211","1458","12",""
"211","1459","13",""
"211","1460","14",""
"211","1461","15",""
"211","1462","15",""
"211","1463","16",""
"211","1464","3",""
"211","1465","4",""
"211","1466","5",""
"211","1467","7",""
"211","1468","9",""
"211","1469","11",""
"211","1470","12",""
"211","1471","14",""
"211","1472","2",""
"211","1473","3",""
"211","1474","3",""
"211","1475","5",""
"211","1476","8",""
"211","1477","10",""
"211","1478","4",""
"211","1479","8",""
"211","1480","11",""
"211","50575","1",""
"211","50574","2",""
"211","1483","11",""
"211","1484","13",""
"211","1485","13",""
"211","1486","16",""
"211","1487","17",""
"211","1488","19",""
"211","1489","20",""
"211","1490","2",""
"211","1491","2",""
"211","1492","5",""
"211","1493","6",""
"211","1494","6",""
"211","1495","7",""
"211","1496","8",""
"211","1497","9",""
"211","1498","10",""
"211","1499","11",""
"211","1500","11",""
"211","1501","1",""
"211","1502","1",""
"211","39067","3",""
"211","1503","4",""
"211","1504","5",""
"211","1505","7",""
"211","1506","8",""
"211","1507","10",""
"211","1508","10",""
"211","1509","2",""
"211","1510","2",""
"211","1511","4",""
"211","1512","5",""
"211","1513","5",""
"211","1514","8",""
"211","1515","9",""
"211","1516","10",""
"211","1517","12",""
"211","1518","1",""
"211","1519","2",""
"211","1520","3",""
"211","1521","5",""
"211","1522","5",""
"211","1523","7",""
"211","1524","8",""
"211","1525","9",""
"211","1526","10",""
"211","1527","10",""
"211","1528","11",""
"211","1529","12",""
"211","1530","13",""
"211","1531","13",""
"211","1532","15",""
"211","1533","16",""
"211","1534","17",""
"211","1535","18",""
"211","1537","21",""
"211","1538","22",""
"5312","7451","-1","未發車"
"5312","7452","-1","未發車"
"5312","7453","-1","未發車"
"5312","7454","-1","未發車"
"5312","7455","-1","未發車"
"5312","7456","-1","未發車"
"5312","7457","2",""
"5312","7458","3",""
"5312","7459","7",""
"5312","7460","8",""
"5312","7461","10",""
"5312","7462","11",""
"5312","7463","3",""
"5312","7464","5",""
"5312","7465","6",""
"5312","7466","9",""
"5312","7467","9",""
"5312","7468","11",""
"5312","7469","12",""
"5312","7470","14",""
"5312","7471","17",""
"5312","7472","1",""
"5312","7473","3",""
"5312","7474","5",""
"5312","7475","11",""
"5312","7476","15",""
"5312","7477","2",""
"5312","7478","3",""
"5312","7479","4",""
"5312","7480","7",""
"5312","7481","8",""
"5312","7482","9",""
"5312","7483","10",""
"5312","7484","11",""
"5312","7485","11",""
"5312","7486","12",""
"5312","7487","15",""
"5230","2181","-1","未發車"
"5230","2182","-1","未發車"
"5230","3485","-1","未發車"
"5230","2183","-1","未發車"
"5230","2184","-1","未發車"
"5230","2185","-1","未發車"
"5230","2186","-1","未發車"
"5230","40510","-1","未發車"
"5230","2187","1",""
"5230","2188","2",""
"5230","2189","4",""
"5230","2190","5",""
"5230","2191","5",""
"5230","2192","6",""
"5230","2193","6",""
"5230","2194","9",""
"5230","2195","9",""
"5230","2196","11",""
"5230","2197","12",""
"5230","2198","12",""
"5230","2199","13",""
"5230","2200","14",""
"5230","2201","14",""
"5230","2202","18",""
"5230","2203","19",""
"5230","2204","21",""
"5230","2205","3",""
"5230","2206","4",""
"5230","2207","6",""
"5230","2208","7",""
"5230","2209","8",""
"5230","2210","8",""
"5230","2211","8",""
"5230","2212","9",""
"5230","2213","10",""
"5230","2214","11",""
"5230","2215","12",""
"5230","2216","13",""
"5230","2217","13",""
"5230","2218","14",""
"5230","2219","14",""
"5230","2220","15",""
"5230","2221","16",""
"5230","40511","18",""
"5230","2222","18",""
"5230","2223","19",""
"5230","2224","2",""
"5230","2225","4",""
"5230","2226","1",""
"5230","2227","2",""
"5230","3486","3",""
"226","10698","4",""
"226","10699","5",""
"226","10700","2",""
"226","10701","3",""
"226","10702","3",""
"226","10703","4",""
"226","10704","4",""
"226","10705","5",""
"226","10706","5",""
"226","10707","6",""
"226","10708","7",""
"226","10709","7",""
"226","10710","8",""
"226","10711","8",""
"226","10712","9",""
"226","10713","9",""
"226","10714","10",""
"226","10715","1",""
"226","10716","2",""
"226","41371","3",""
"226","41369","4",""
"226","10717","5",""
"226","10718","2",""
"226","10719","3",""
"226","10720","5",""
"226","10721","7",""
"226","10722","8",""
"226","10723","10",""
"226","10724","12",""
"226","10725","2",""
"226","10726","4",""
"226","10727","5",""
"226","10728","6",""
"226","10729","7",""
"226","10730","9",""
"226","10731","11",""
"226","10732","11",""
"226","10661","-1","未發車"
"226","10662","1",""
"226","10663","4",""
"226","10664","5",""
"226","10665","7",""
"226","10666","7",""
"226","10667","8",""
"226","10668","10",""
"226","10669","11",""
"226","10670","12",""
"226","10671","14",""
"226","10672","15",""
"226","10673","16",""
"226","10674","2",""
"226","10675","4",""
"226","10676","6",""
"226","10677","8",""
"226","41368","1",""
"226","41370","2",""
"226","10678","15",""
"226","10679","15",""
"226","10680","16",""
"226","10681","17",""
"226","10682","17",""
"226","10683","17",""
"226","10684","18",""
"226","10685","19",""
"226","10686","19",""
"226","10687","20",""
"226","10688","20",""
"226","10689","21",""
"226","10690","21",""
"226","10691","22",""
"226","10692","23",""
"226","10693","23",""
"226","10694","1",""
"226","10695","2",""
"226","10696","3",""
"226","10697","4",""
"190","14871","26",""
"190","14872","28",""
"190","14873","28",""
"190","14874","31",""
"190","14875","34",""
"190","14876","34",""
"190","14877","35",""
"190","14878","35",""
"190","14879","36",""
"190","14880","38",""
"190","14881","39",""
"190","14882","40",""
"190","14883","41",""
"190","4553","41",""
"190","14884","41",""
"190","14885","42",""
"190","14886","42",""
"190","14887","43",""
"190","14888","43",""
"190","14889","44",""
"190","14890","44",""
"190","14891","45",""
"190","14892","45",""
"190","14893","46",""
"190","14894","46",""
"190","14895","48",""
"190","14896","49",""
"190","14897","49",""
"190","14898","50",""
"190","14899","50",""
"190","14900","51",""
"190","1549","52",""
"190","14901","54",""
"190","14902","58",""
"190","14903","59",""
"190","14904","60",""
"190","14905","60",""
"190","14906","61",""
"190","14907","61",""
"190","14908","62",""
"190","1550","62",""
"190","14909","63",""
"190","14910","63",""
"190","14911","1",""
"190","14912","2",""
"190","14913","2",""
"190","14914","3",""
"190","14915","4",""
"190","14916","4",""
"190","14917","5",""
"190","14918","6",""
"190","14919","7",""
"190","14920","8",""
"190","14921","10",""
"190","14922","11",""
"190","14923","12",""
"190","14924","12",""
"190","14925","13",""
"190","0015","14",""
"190","14926","15",""
"190","14927","15",""
"190","14928","16",""
"190","14929","16",""
"190","14930","17",""
"5243","16465","91",""
"5243","16466","91",""
"5243","16467","92",""
"5243","39468","92",""
"5243","16468","94",""
"5243","16469","95",""
"5243","16470","95",""
"5243","16471","96",""
"5243","16472","96",""
"5243","16473","98",""
"5243","16474","98",""
"5243","41293","99",""
"5243","16475","100",""
"5243","16476","100",""
"5243","16477","100",""
"5243","16478","101",""
"5243","16479","102",""
"5243","16480","102",""
"5243","2242","103",""
"5243","2243","105",""
"5243","16481","105",""
"5243","16482","106",""
"5243","16483","107",""
"5243","16484","108",""
"5243","16485","109",""
"5243","16486","110",""
"5243","16487","1",""
"5243","16488","2",""
"5243","16489","3",""
"5243","16490","4",""
"5243","16491","4",""
"5243","16492","4",""
"5243","16493","4",""
"5243","16494","7",""
"5243","16495","9",""
"5243","16496","11",""
"5243","16497","13",""
"5243","16498","14",""
"5243","16431","61",""
"5243","16432","62",""
"5243","16433","65",""
"5243","16434","67",""
"5243","16435","67",""
"5243","16436","68",""
"5243","16437","68",""
"5243","16438","69",""
"5243","16439","69",""
"5243","16440","70",""
"5243","16441","70",""
"5243","16442","71",""
"5243","16443","71",""
"5243","16444","72",""
"5243","16445","73",""
"5243","16446","74",""
"5243","16447","75",""
"5243","2178","76",""
"5243","2179","77",""
"5243","16448","78",""
"5243","16449","79",""
"5243","16450","79",""
"5243","16451","80",""
"5243","16452","80",""
"5243","16453","81",""
"5243","41292","81",""
"5243","16454","82",""
"5243","16455","82",""
"5243","16456","84",""
"5243","16457","85",""
"5243","16458","85",""
"5243","16459","85",""
"5243","16460","86",""
"5243","39467","87",""
"5243","16461","88",""
"5243","16462","89",""
"5243","16463","89",""
"5243","16464","90",""
"5239","15827","216",""
"5239","15828","218",""
"5239","15829","218",""
"5239","15830","218",""
"5239","15831","219",""
"5239","15832","219",""
"5239","15833","220",""
"5239","15834","222",""
"5239","15835","222",""
"5239","15836","223",""
"5239","15837","223",""
"5239","15838","224",""
"5239","1937","224",""
"5239","15839","225",""
"5239","15840","226",""
"5239","15841","227",""
"5239","15842","228",""
"5239","15843","229",""
"5239","15844","229",""
"5239","15845","230",""
"5239","15846","231",""
"5239","15847","232",""
"5239","15848","235",""
"5239","15849","236",""
"5239","15850","238",""
"5239","15851","238",""
"5239","15852","239",""
"5239","15853","240",""
"5239","0049","241",""
"5239","15854","242",""
"5239","15855","242",""
"5239","15856","243",""
"5239","15857","244",""
"5239","15858","245",""
"5239","0050","246",""
"5239","15859","246",""
"5239","15860","250",""
"5239","15861","250",""
"5239","15862","250",""
"5239","15791","183",""
"5239","15792","183",""
"5239","15793","186",""
"5239","0047","187",""
"5239","15794","188",""
"5239","15795","188",""
"5239","15796","189",""
"5239","15797","190",""
"5239","15798","191",""
"5239","0048","191",""
"5239","15799","192",""
"5239","15800","193",""
"5239","15801","194",""
"5239","15802","196",""
"5239","15803","196",""
"5239","15804","197",""
"5239","15805","198",""
"5239","15806","199",""
"5239","15807","201",""
"5239","15808","202",""
"5239","15809","203",""
"5239","15810","203",""
"5239","15811","204",""
"5239","15812","205",""
"5239","15813","205",""
"5239","1936","206",""
"5239","15814","207",""
"5239","15815","207",""
"5239","15816","207",""
"5239","15817","208",""
"5239","15818","209",""
"5239","15819","211",""
"5239","15820","211",""
"5239","15821","211",""
"5239","15822","212",""
"5239","15823","212",""
"5239","15824","213",""
"5239","15825","214",""
"5239","15826","214",""
"8029","26101","47",""
"8029","26102","47",""
"8029","26103","49",""
"8029","26104","50",""
"8029","26105","51",""
"8029","26106","54",""
"8029","26107","56",""
"8029","26108","58",""
"8029","26109","59",""
"8029","26110","60",""
"8029","26111","62",""
"8031","26171","136",""
"8031","26172","136",""
"8031","26173","137",""
"8031","26174","137",""
"8031","26175","138",""
"8031","26176","138",""
"8031","26177","139",""
"8031","26178","139",""
"8031","26179","140",""
"8031","26180","140",""
"8031","26181","141",""
"8031","26184","141",""
"8031","26183","142",""
"8031","26185","142",""
"8031","26187","143",""
"8031","26190","143",""
"8031","26191","144",""
"8031","26192","144",""
"8031","26193","145",""
"8031","26194","145",""
"8031","26195","146",""
"8031","26196","146",""
"8031","26197","147",""
"8031","26198","147",""
"8031","26199","148",""
"8031","26200","148",""
"8031","26201","149",""
"8031","26202","149",""
"8031","26203","150",""
"2035","27511","16",""
"2035","27512","18",""
"2035","27513","25",""
"2035","27514","28",""
"2035","27515","34",""
"2035","27516","37",""
"5229","3976","10",""
"5229","3977","11",""
"5229","3978","11",""
"5229","3979","14",""
"5229","3971","4",""
"5229","3972","5",""
"5229","3973","5",""
"5229","3974","6",""
"5229","3975","7",""
"1040","29781","106",""
"1040","29782","106",""
"1040","29783","107",""
"1040","29784","107",""
"1040","29785","108",""
"1040","29786","108",""
"1040","29787","109",""
"1075","32022","16",""
"1075","32023","18",""
"1075","32024","21",""
"1075","32025","23",""
"1075","32026","24",""
"1075","32027","26",""
"1075","32028","26",""
"1075","32029","27",""
"1075","32030","28",""
"1075","32031","30",""
"1075","32032","31",""
"1075","32033","31",""
"1075","32034","31",""
"1075","32035","32",""
"1075","32036","33",""
"1075","32037","33",""
"1075","32038","36",""
"1075","32039","40",""
"1075","32040","42",""
"1075","32041","43",""
"1075","41054","43",""
"1075","41053","44",""
"1075","32042","48",""
"1075","41055","48",""
"1075","32043","49",""
"1075","32044","50",""
"1075","32045","52",""
"1075","32046","54",""
"1075","32047","55",""
"1075","32048","57",""
"1075","32049","58",""
"1075","32050","59",""
"1075","32051","60",""
"1075","32052","60",""
"1075","32053","61",""
"1075","32054","62",""
"1075","32055","62",""
"1075","32056","63",""
"1075","41684","63",""
"1075","41685","64",""
"1075","41686","65",""
"1075","32059","69",""
"1075","32060","71",""
"1075","32061","72",""
"1075","32062","72",""
"1075","32063","72",""
"1075","32064","73",""
"1075","32065","73",""
"1075","32066","78",""
"1075","32067","79",""
"1075","32068","80",""
"1075","32069","80",""
"1075","32070","81",""
"1075","32071","83",""
"1075","32072","85",""
"1075","32073","89",""
"1075","32074","91",""
"1075","32075","92",""
"5623","7151","37",""
"5623","7152","39",""
"5623","7153","40",""
"5623","7154","41",""
"5623","7155","42",""
"5623","7156","42",""
"5623","40734","43",""
"5623","7157","46",""
"5623","7158","47",""
"5623","7159","47",""
"5623","7160","49",""
"5623","7161","50",""
"5623","42196","55",""
"5623","7162","58",""
"5623","7163","59",""
"5623","7164","62",""
"5623","7165","63",""
"5623","7166","66",""
"5623","7167","69",""
"5623","7168","69",""
"5623","7169","70",""
"5623","41254","76",""
"5623","7170","80",""
"5623","7171","80",""
"5623","7172","81",""
"5623","7173","83",""
"5623","7174","86",""
"2008","22641","201",""
"2008","22642","202",""
"2008","22643","203",""
"2008","22644","204",""
"2008","22645","205",""
"2008","22646","206",""
"2008","22647","207",""
"2008","22648","207",""
"2008","22649","208",""
"2008","22650","209",""
"2008","22651","210",""
"2008","22652","210",""
"2008","22653","212",""
"2008","22654","213",""
"2008","22655","214",""
"2008","22656","214",""
"2008","22657","215",""
"2008","22658","215",""
"2008","22659","216",""
"2008","22660","217",""
"2008","22661","218",""
"2008","22662","219",""
"2008","22663","220",""
"2008","22664","220",""
"2008","22665","221",""
"2008","22666","222",""
"2008","22667","227",""
"2008","22668","228",""
"2008","22669","228",""
"2008","22670","229",""
"2008","22671","229",""
"2008","22672","230",""
"2008","22673","233",""
"2008","22674","234",""
"2008","22675","235",""
"2008","22676","236",""
"2008","22677","237",""
"2008","22678","238",""
"2008","22679","238",""
"2008","22680","239",""
"2008","22681","241",""
"2008","22682","241",""
"2008","22683","242",""
"2008","22684","242",""
"2008","22685","243",""
"2008","22686","244",""
"2008","22687","245",""
"2008","22688","246",""
"2008","22689","246",""
"2008","22690","247",""
"2008","22691","247",""
"2008","22692","248",""
"2008","22693","249",""
"9014","27821","16",""
"9014","27822","16",""
"9014","27823","17",""
"9014","27824","18",""
"9014","27825","20",""
"9014","27826","23",""
"9014","27827","25",""
"9014","27828","27",""
"9014","27829","32",""
"9014","27830","36",""
"9014","27831","37",""
"9014","27832","38",""
"9014","27833","38",""
"9014","27834","40",""
"9014","27835","41",""
"9014","27836","42",""
"9014","27837","43",""
"9014","27838","43",""
"9014","27839","44",""
"9014","27840","45",""
"9014","27841","46",""
"9014","27842","47",""
"9020","28011","31",""
"9020","28012","37",""
"9020","28013","41",""
"9020","28014","44",""
"9020","28015","44",""
"9020","28016","46",""
"9020","28017","54",""
"9020","28018","55",""
"9020","28019","61",""
"9020","28020","61",""
"9020","28021","64",""
"9020","28022","65",""
"9020","28023","66",""
"9020","28024","67",""
"9020","28025","67",""
"9020","28026","70",""
"9020","28027","70",""
"9020","28028","72",""
"9020","28029","73",""
"6014","27231","249",""
"6014","27232","249",""
"6014","27233","249",""
"6014","27234","249",""
"6014","27235","249",""
"6014","27236","249",""
"6014","27237","249",""
"6014","27238","249",""
"6014","27239","249",""
"803","11954","18",""
"803","11955","18",""
"803","11956","19",""
"803","11957","20",""
"803","11958","20",""
"803","11959","23",""
"803","1153","24",""
"803","11960","25",""
"803","11961","26",""
"803","11962","28",""
"803","11963","1",""
"803","11964","2",""
"803","11965","4",""
"803","11966","6",""
"803","11967","7",""
"803","11968","9",""
"803","11969","9",""
"803","11970","10",""
"803","11971","12",""
"803","11972","13",""
"803","11973","14",""
"803","11974","17",""
"803","11975","17",""
"803","11976","18",""
"803","11977","1",""
"803","11978","2",""
"803","11979","5",""
"803","11980","6",""
"803","11981","7",""
"803","11982","8",""
"803","11983","8",""
"803","11984","10",""
"803","11985","11",""
"803","11986","12",""
"803","11987","14",""
"803","11988","16",""
"803","11989","17",""
"803","11990","18",""
"803","11991","20",""
"803","11992","21",""
"803","11993","21",""
"803","11921","-1","未發車"
"803","11922","-1","未發車"
"803","11923","-1","未發車"
"803","11924","-1","未發車"
"803","11925","-1","未發車"
"803","11926","-1","未發車"
"803","11927","3",""
"803","11928","4",""
"803","11929","4",""
"803","11930","6",""
"803","11931","6",""
"803","11932","7",""
"803","11933","9",""
"803","11934","10",""
"803","11935","11",""
"803","11936","11",""
"803","11937","3",""
"803","11938","4",""
"803","11939","5",""
"803","11940","5",""
"803","11941","7",""
"803","11942","7",""
"803","11943","8",""
"803","11944","2",""
"803","11945","3",""
"803","11946","4",""
"803","11947","6",""
"803","11948","7",""
"803","11949","11",""
"803","11950","12",""
"803","11951","14",""
"803","11952","15",""
"803","11953","18",""
"5663","21494","81",""
"5663","21495","81",""
"5663","21496","83",""
"5663","21497","84",""
"5663","21498","85",""
"5663","21499","87",""
"5663","21500","88",""
"5663","21501","93",""
"5663","21502","95",""
"5663","21503","98",""
"5663","21504","99",""
"5663","21505","100",""
"5663","21506","100",""
"5663","21507","101",""
"5663","21508","101",""
"5663","21509","102",""
"5663","21510","102",""
"5663","21511","103",""
"5663","40540","104",""
"5663","21512","104",""
"5663","21513","105",""
"5663","21514","106",""
"5663","21515","106",""
"5663","21516","106",""
"5663","21517","107",""
"5663","21518","108",""
"5663","21519","109",""
"5663","21520","1",""
"5663","21521","1",""
"5663","21522","2",""
"5663","21523","3",""
"5663","21524","3",""
"5663","21525","5",""
"5663","21526","5",""
"5663","21527","5",""
"5663","21528","6",""
"5663","21529","7",""
"5663","39619","7",""
"5663","21530","8",""
"5663","21531","9",""
"5663","21535","9",""
"5663","21536","10",""
"5663","21537","10",""
"5663","21538","11",""
"5663","21539","11",""
"5663","21540","12",""
"5663","21541","12",""
"5663","21542","13",""
"5663","21543","13",""
"5663","21544","14",""
"5663","21545","14",""
"5663","21546","15",""
"5663","21547","16",""
"5663","21548","16",""
"5663","21549","17",""
"5663","21550","17",""
"5663","21551","18",""
"5663","21552","19",""
"5663","21553","19",""
"5663","21554","20",""
"5663","21555","36",""
"5663","21556","37",""
"5663","21557","37",""
"5663","21558","38",""
"5663","21559","39",""
"5663","21560","39",""
"5663","21561","40",""
"5663","21562","40",""
"5663","21563","41",""
"5663","21564","42",""
"5663","21565","42",""
"5663","21566","46",""
"5663","21567","47",""
"5663","21568","47",""
"5663","21569","48",""
"5663","21570","53",""
"5663","21571","54",""
"5663","21572","55",""
"5663","21573","57",""
"5663","21574","58",""
"5663","21578","59",""
"5663","21579","59",""
"5663","21580","60",""
"5663","21581","60",""
"5663","21582","61",""
"5663","21583","61",""
"5663","21584","62",""
"5663","21585","63",""
"5663","21586","64",""
"5663","21587","64",""
"5663","21588","65",""
"5663","21589","66",""
"5663","21590","67",""
"5663","21591","68",""
"5663","21592","69",""
"5663","21593","71",""
"5663","21594","72",""
"5663","21595","73",""
"5663","40541","73",""
"5663","21596","75",""
"5663","21597","76",""
"5663","21598","78",""
"5663","21599","78",""
"5663","21600","79",""
"5663","21601","80",""
"5663","21602","81",""
"5663","21603","81",""
"5663","21604","82",""
"5663","21605","1",""
"5663","21606","7",""
"5663","21607","8",""
"5663","21608","11",""
"5663","21609","14",""
"5663","21610","15",""
"5663","21611","16",""
"5663","21612","18",""
"5663","21613","19",""
"5663","21614","20",""
"5663","21615","22",""
"5663","21616","23",""
"5663","21617","25",""
"127","12451","17",""
"127","12452","18",""
"127","12453","19",""
"127","12454","20",""
"127","12455","21",""
"127","12456","22",""
"127","12457","23",""
"127","12458","25",""
"127","12459","26",""
"127","12460","26",""
"127","12461","28",""
"127","12462","28",""
"127","12463","29",""
"127","12464","30",""
"127","12465","31",""
"127","12466","32",""
"127","12467","33",""
"127","12468","34",""
"127","12469","34",""
"127","12470","2",""
"127","12471","3",""
"127","12472","3",""
"127","12473","4",""
"127","12474","5",""
"127","12475","6",""
"127","12476","6",""
"127","12477","6",""
"127","12478","7",""
"127","12479","8",""
"127","12480","8",""
"127","12481","9",""
"127","12482","10",""
"127","12483","11",""
"127","12484","11",""
"127","12485","12",""
"127","12486","12",""
"127","12487","13",""
"127","12488","14",""
"127","12489","14",""
"127","12490","15",""
"127","12491","15",""
"127","12492","15",""
"127","12493","16",""
"127","12494","17",""
"127","12495","17",""
"127","12496","18",""
"127","12497","18",""
"127","12498","19",""
"127","12499","19",""
"127","12500","20",""
"127","12501","20",""
"127","12502","21",""
"127","12503","22",""
"127","12504","23",""
"127","12505","24",""
"127","12506","26",""
"127","12507","27",""
"127","12508","27",""
"127","12509","27",""
"127","12510","28",""
"127","12511","28",""
"127","12512","29",""
"127","12513","29",""
"127","12514","30",""
"127","12515","30",""
"127","12516","31",""
"127","12517","32",""
"127","12518","32",""
"127","12519","33",""
"127","12520","34",""
"127","12521","34",""
"127","12522","35",""
"127","12523","35",""
"127","12524","35",""
"127","12525","36",""
"127","12526","36",""
"127","12527","37",""
"127","12528","37",""
"127","12529","38",""
"127","12530","39",""
"127","12531","40",""
"127","12532","40",""
"127","12533","41",""
"127","12534","42",""
"127","12535","42",""
"127","12536","43",""
"127","12537","44",""
"128","19482","249",""
"128","19483","249",""
"128","19484","249",""
"128","19485","249",""
"128","19486","249",""
"128","19487","249",""
"128","19488","249",""
"128","19489","249",""
"128","19490","249",""
"128","19491","249",""
"128","19492","249",""
"128","19493","249",""
"128","19494","249",""
"128","19495","249",""
"128","19496","249",""
"128","19497","249",""
"128","19498","249",""
"128","19499","249",""
"128","19500","249",""
"128","19501","249",""
"128","19502","249",""
"128","19503","249",""
"128","19504","249",""
"128","19505","249",""
"128","19506","249",""
"128","19507","249",""
"128","19508","249",""
"128","19509","249",""
"128","19510","249",""
"128","19511","249",""
"128","19512","249",""
"128","19513","249",""
"128","19514","249",""
"128","19515","249",""
"128","19516","249",""
"128","19517","249",""
"128","19518","249",""
"128","19519","249",""
"128","19520","249",""
"128","19521","249",""
"128","19522","249",""
"128","19523","249",""
"128","19524","249",""
"128","19525","249",""
"128","19526","249",""
"128","19527","249",""
"128","19528","249",""
"128","19529","249",""
"128","19530","249",""
"128","19531","249",""
"128","19532","249",""
"128","19533","249",""
"128","19534","249",""
"128","19535","249",""
"128","19536","249",""
"128","19537","249",""
"128","19538","249",""
"128","19539","249",""
"128","19540","249",""
"128","19541","249",""
"128","19542","249",""
"128","19543","249",""
"128","19544","249",""
"128","19545","249",""
"128","19546","249",""
"128","19547","249",""
"128","19548","249",""
"128","19549","249",""
"128","19550","249",""
"482","32406","-1","未發車"
"482","32407","-1","未發車"
"482","32408","-1","未發車"
"482","32409","-1","未發車"
"482","32410","-1","未發車"
"482","32411","-1","未發車"
"482","32412","2",""
"482","32413","2",""
"482","32414","3",""
"482","32415","5",""
"482","32416","6",""
"482","32417","7",""
"482","32418","7",""
"482","32419","9",""
"482","32420","9",""
"482","32421","10",""
"482","32422","11",""
"482","32423","12",""
"482","32424","12",""
"482","32425","14",""
"482","32426","15",""
"482","32427","16",""
"482","32428","17",""
"482","32429","19",""
"482","32430","21",""
"482","32431","22",""
"482","32432","23",""
"482","32433","1",""
"482","32434","2",""
"482","32435","4",""
"482","32436","6",""
"482","32437","9",""
"482","32438","12",""
"482","32439","17",""
"482","32440","4",""
"482","32441","1",""
"482","32442","7",""
"482","32443","10",""
"482","32444","14",""
"482","32445","18",""
"482","32446","19",""
"482","32447","20",""
"482","32448","22",""
"482","32449","27",""
"482","32450","29",""
"482","32451","5",""
"482","32452","5",""
"482","32453","7",""
"482","32454","7",""
"482","32455","9",""
"482","1160","10",""
"482","32456","13",""
"482","32457","19",""
"482","32458","3",""
"482","32459","5",""
"482","32460","8",""
"482","32461","12",""
"482","32462","15",""
"482","32463","20",""
"482","32464","22",""
"482","32465","22",""
"482","32466","23",""
"482","32467","23",""
"482","32468","2",""
"482","32469","2",""
"482","32470","4",""
"482","32471","6",""
"482","32472","6",""
"482","32473","2",""
"482","32474","3",""
"482","32475","4",""
"482","32476","5",""
"482","32477","6",""
"482","32478","7",""
"482","32479","7",""
"482","32480","8",""
"482","32481","8",""
"482","32482","10",""
"482","32483","11",""
"482","32484","12",""
"482","32485","13",""
"482","32486","13",""
"482","32487","14",""
"482","32488","15",""
"482","32489","17",""
"482","32490","17",""
"482","32491","18",""
"482","32492","19",""
"482","32493","19",""
"482","32494","20",""
"482","32495","21",""
"484","32535","10",""
"484","32536","12",""
"484","32537","13",""
"484","32538","14",""
"484","32539","17",""
"484","32540","18",""
"484","32541","18",""
"484","32542","19",""
"484","32544","2",""
"484","32545","4",""
"484","32546","7",""
"484","32547","10",""
"484","32548","3",""
"484","32549","9",""
"484","32550","13",""
"484","32551","16",""
"484","32552","20",""
"484","32553","21",""
"484","32554","22",""
"484","32555","24",""
"484","32556","24",""
"484","32557","26",""
"484","32558","26",""
"484","32559","29",""
"484","32560","31",""
"484","32561","32",""
"484","32562","34",""
"484","32563","35",""
"484","32564","36",""
"484","32565","36",""
"484","32566","37",""
"484","32567","38",""
"484","32568","38",""
"484","32569","39",""
"484","32570","40",""
"484","39354","41",""
"484","39356","43",""
"484","39355","249",""
"484","39353","249",""
"484","32508","249",""
"484","32509","249",""
"484","32510","249",""
"484","32511","249",""
"484","32512","249",""
"484","32513","249",""
"484","32514","249",""
"484","32515","249",""
"484","32516","249",""
"484","32517","249",""
"484","32518","249",""
"484","32519","249",""
"484","32520","249",""
"484","32521","249",""
"484","32522","249",""
"484","32523","249",""
"484","32524","249",""
"484","32525","249",""
"484","32526","249",""
"484","32527","249",""
"484","32528","249",""
"484","32529","249",""
"484","32530","249",""
"484","32531","249",""
"484","32532","249",""
"484","32533","0",""
"484","1544","3",""
"484","40345","4",""
"484","32534","9",""
"157","33126","3",""
"157","33127","5",""
"157","33128","5",""
"157","33129","3",""
"157","33130","4",""
"157","33131","5",""
"157","33132","7",""
"157","33133","9",""
"157","33134","9",""
"157","33135","2",""
"157","33136","1",""
"157","2249","2",""
"157","33137","3",""
"157","33138","3",""
"157","33139","3",""
"157","33140","2",""
"157","33141","4",""
"157","33142","5",""
"157","33143","9",""
"157","33144","10",""
"157","33145","1",""
"157","33146","3",""
"157","33147","1",""
"157","33148","2",""
"157","33149","4",""
"157","33150","4",""
"157","33151","7",""
"157","33152","2",""
"157","33153","2",""
"157","33154","4",""
"157","33155","5",""
"157","33156","6",""
"157","33157","8",""
"157","33158","1",""
"157","33159","3",""
"157","33160","5",""
"157","33161","5",""
"157","33162","1",""
"157","33163","1",""
"157","33164","2",""
"157","33165","3",""
"157","33087","-1","未發車"
"157","33088","-1","未發車"
"157","33089","-1","未發車"
"157","33090","-1","未發車"
"157","33091","-1","未發車"
"157","33092","-1","未發車"
"157","33093","-1","未發車"
"157","33094","2",""
"157","33095","3",""
"157","33096","4",""
"157","33097","1",""
"157","33098","2",""
"157","33099","3",""
"157","33100","5",""
"157","33101","6",""
"157","39649","7",""
"157","33102","7",""
"157","33103","8",""
"157","33104","2",""
"157","33105","3",""
"157","33106","4",""
"157","33107","6",""
"157","33108","9",""
"157","33109","2",""
"157","33110","2",""
"157","33111","3",""
"157","33112","2",""
"157","33113","3",""
"157","33114","6",""
"157","33115","7",""
"157","33116","7",""
"157","33117","9",""
"157","33118","10",""
"157","33119","3",""
"157","33120","4",""
"157","33121","6",""
"157","33122","10",""
"157","33123","2",""
"157","33124","4",""
"157","33125","1",""
"5410","33455","36",""
"5410","33456","36",""
"5410","33457","38",""
"5410","33458","3",""
"5410","33459","4",""
"5410","33460","5",""
"5410","33461","8",""
"5410","33462","9",""
"5410","33463","11",""
"5410","33464","13",""
"5410","33465","14",""
"5410","33466","16",""
"5410","33467","16",""
"5410","33468","17",""
"5410","33469","17",""
"5410","33470","18",""
"5410","33471","19",""
"5410","33472","20",""
"5410","33473","21",""
"5410","33474","22",""
"5410","38976","22",""
"5410","33475","23",""
"5410","1372","23",""
"5410","1373","23",""
"5410","1374","24",""
"5410","1375","24",""
"5410","1376","25",""
"5410","1377","26",""
"5410","1378","26",""
"5410","1379","27",""
"5410","1380","28",""
"5410","1381","29",""
"5410","1382","29",""
"5410","1383","30",""
"5410","38981","30",""
"5410","1384","30",""
"5410","38978","31",""
"5410","33476","31",""
"5410","33477","32",""
"5410","33478","33",""
"5410","33479","34",""
"5410","33480","35",""
"5410","33481","36",""
"5410","33482","36",""
"5410","33483","37",""
"5410","55858","37",""
"5410","33484","39",""
"5410","33485","40",""
"5410","33486","41",""
"5410","33487","41",""
"5410","33488","43",""
"5410","33489","2",""
"5410","33491","3",""
"5410","33492","6",""
"5410","33493","9",""
"5410","33494","11",""
"5410","33495","13",""
"5410","33496","14",""
"5410","33497","19",""
"5410","33498","24",""
"5410","33499","25",""
"5410","33500","27",""
"5410","33501","28",""
"5410","33502","2",""
"5410","33503","5",""
"5410","33504","7",""
"5410","33505","7",""
"5410","33506","11",""
"5410","33507","13",""
"5410","33508","13",""
"5410","33509","17",""
"5410","33510","2",""
"5410","33511","3",""
"5410","33512","5",""
"5410","33515","6",""
"5410","33516","8",""
"5410","33517","9",""
"5410","33518","9",""
"5410","33519","10",""
"5410","55859","10",""
"5410","33520","12",""
"5410","33521","13",""
"5410","33522","13",""
"5410","33523","14",""
"5410","33524","14",""
"5410","33525","15",""
"5410","33526","16",""
"5410","33527","16",""
"5410","38979","17",""
"5410","1385","17",""
"5410","1386","17",""
"5410","1387","18",""
"5410","1388","19",""
"5410","1389","19",""
"5410","1390","19",""
"5410","1391","20",""
"5410","1394","20",""
"5410","1395","23",""
"5410","1396","24",""
"5410","1397","25",""
"5410","1398","25",""
"5410","1399","26",""
"5410","38982","26",""
"5410","33528","26",""
"5410","38977","27",""
"5410","33529","27",""
"5410","33530","28",""
"5410","33531","29",""
"5410","33532","30",""
"5410","33533","31",""
"5410","33534","32",""
"5410","33535","32",""
"5410","33536","32",""
"5410","33537","33",""
"5410","33538","35",""
"5410","33539","36",""
"5410","33540","38",""
"5410","33541","39",""
"5410","33542","2",""
"5410","33543","3",""
"5410","33544","5",""
"5410","33545","6",""
"5410","33546","7",""
"5410","33547","8",""
"5215","33601","47",""
"5215","33602","48",""
"5215","33603","49",""
"5215","33604","50",""
"5215","33605","52",""
"5215","33606","52",""
"5215","33607","55",""
"5215","33608","56",""
"5215","33609","57",""
"5215","34433","62",""
"5215","45949","64",""
"5215","34434","65",""
"5215","34435","65",""
"5215","3567","67",""
"5215","34436","68",""
"5215","33610","71",""
"5215","34437","72",""
"5215","34438","72",""
"5215","34439","73",""
"5215","34440","73",""
"5215","34441","74",""
"5215","34442","76",""
"5215","34443","76",""
"5215","34444","77",""
"5215","34445","78",""
"5215","34446","79",""
"5215","34447","80",""
"5215","33611","81",""
"5215","33612","86",""
"5215","33613","87",""
"5215","33614","90",""
"5215","33615","91",""
"5215","33616","92",""
"5215","33617","92",""
"5215","33618","93",""
"5215","33619","94",""
"5215","33620","94",""
"5215","33621","94",""
"5215","33559","46",""
"5215","33560","47",""
"5215","33561","48",""
"5215","33562","48",""
"5215","33563","48",""
"5215","33564","49",""
"5215","33565","49",""
"5215","33566","50",""
"5215","33567","53",""
"5215","34431","53",""
"5215","33568","55",""
"5215","33569","57",""
"5215","33570","1",""
"5215","33571","3",""
"5215","33572","3",""
"5215","33573","4",""
"5215","33574","5",""
"5215","33575","6",""
"5215","33576","7",""
"5215","33577","8",""
"5215","33578","9",""
"5215","33579","10",""
"5215","33580","10",""
"5215","33581","11",""
"5215","34432","13",""
"5215","33582","14",""
"5215","33583","15",""
"5215","3566","16",""
"5215","33584","19",""
"5215","33585","21",""
"5215","45948","21",""
"5215","33586","22",""
"5215","33587","26",""
"5215","33588","29",""
"5215","33589","31",""
"5215","33590","31",""
"5215","33591","34",""
"5215","33592","36",""
"5215","33593","37",""
"5215","33594","39",""
"5215","33595","40",""
"5215","33596","40",""
"5215","33597","41",""
"5215","33598","42",""
"5215","33599","44",""
"5215","33600","46",""
"485","33783","13",""
"485","33784","15",""
"485","33785","16",""
"485","33787","16",""
"485","33788","17",""
"485","33789","17",""
"485","33790","20",""
"485","33791","24",""
"485","33793","27",""
"485","33794","28",""
"485","33796","32",""
"485","33797","33",""
"485","33798","35",""
"485","33799","2",""
"485","33800","3",""
"485","33801","4",""
"485","33802","5",""
"485","33803","8",""
"485","33804","9",""
"485","33805","10",""
"485","33806","12",""
"485","33807","13",""
"485","33808","14",""
"485","33809","14",""
"485","33810","15",""
"485","33811","16",""
"485","33812","18",""
"485","33813","19",""
"485","33814","20",""
"485","33815","21",""
"485","3659","23",""
"485","33816","24",""
"485","33817","28",""
"485","33818","32",""
"485","33819","33",""
"485","33820","34",""
"485","1855","2",""
"485","33821","5",""
"485","33822","5",""
"485","33823","6",""
"485","33824","7",""
"485","33825","8",""
"485","33826","12",""
"485","33827","13",""
"485","33828","1",""
"485","1856","3",""
"485","33829","4",""
"485","33830","5",""
"485","33831","6",""
"485","33832","7",""
"485","33833","8",""
"485","33834","10",""
"485","33835","10",""
"485","33836","12",""
"485","33837","13",""
"485","33838","14",""
"485","33839","15",""
"485","33840","1",""
"485","33841","3",""
"485","33722","-1","未發車"
"485","33723","-1","未發車"
"485","33724","-1","未發車"
"485","33725","-1","未發車"
"485","33726","1",""
"485","33727","2",""
"485","33728","5",""
"485","33729","5",""
"485","33730","8",""
"485","33731","10",""
"485","33732","12",""
"485","33733","13",""
"485","1854","14",""
"485","33734","15",""
"485","33735","16",""
"485","33736","17",""
"485","33737","19",""
"485","33738","19",""
"485","33739","21",""
"485","33740","22",""
"485","33741","23",""
"485","33742","1",""
"485","33743","3",""
"485","33744","5",""
"485","33745","7",""
"485","33746","8",""
"485","33747","9",""
"485","33748","14",""
"485","3658","15",""
"485","33749","16",""
"485","33750","18",""
"485","33751","18",""
"485","33752","1",""
"485","33753","2",""
"485","33754","4",""
"485","33755","5",""
"485","33756","6",""
"485","33757","7",""
"485","33758","8",""
"485","33759","10",""
"485","33760","10",""
"485","33761","11",""
"485","33762","12",""
"485","33763","14",""
"485","33764","17",""
"485","33765","2",""
"485","33766","4",""
"485","33767","7",""
"485","33768","8",""
"485","33770","11",""
"485","33771","13",""
"485","33773","17",""
"485","33774","1",""
"485","33775","3",""
"485","33776","5",""
"485","2248","6",""
"485","33777","7",""
"485","33778","9",""
"485","33779","9",""
"485","33780","10",""
"485","33781","11",""
"485","33782","11",""
"5672","38655","15",""
"5672","38656","16",""
"5672","38657","16",""
"5672","38658","17",""
"5672","38659","17",""
"5672","38661","18",""
"5672","38662","18",""
"5672","38671","56",""
"5672","38672","57",""
"5672","38673","57",""
"5672","38674","58",""
"5672","38675","58",""
"5672","38678","59",""
"5672","38685","59",""
"436","39386","-1","未發車"
"436","39388","-1","未發車"
"436","39390","-1","未發車"
"436","33250","-1","未發車"
"436","33251","-1","未發車"
"436","33252","-1","未發車"
"436","33253","-1","未發車"
"436","33254","-1","未發車"
"436","33255","-1","未發車"
"436","33256","-1","未發車"
"436","33257","1",""
"436","33258","2",""
"436","33259","4",""
"436","33260","7",""
"436","33261","8",""
"436","33262","9",""
"436","33263","10",""
"436","33264","13",""
"436","33265","15",""
"436","33266","17",""
"436","33267","17",""
"436","33268","18",""
"436","33269","19",""
"436","33270","2",""
"436","33271","2",""
"436","33272","5",""
"436","33273","9",""
"436","33274","10",""
"436","33275","1",""
"436","33276","4",""
"436","33277","6",""
"436","33278","8",""
"436","33279","9",""
"436","33280","12",""
"436","33281","13",""
"436","33282","14",""
"436","33283","4",""
"436","33284","7",""
"436","33285","9",""
"436","33286","9",""
"436","33287","10",""
"436","33288","1",""
"436","33289","2",""
"436","33290","3",""
"436","33291","6",""
"436","33292","6",""
"436","33293","7",""
"436","33294","10",""
"436","33295","11",""
"436","33296","14",""
"436","33297","14",""
"436","33298","15",""
"436","33299","17",""
"436","33300","19",""
"436","33301","22",""
"436","33302","24",""
"436","33303","25",""
